{
 "cells": [
  {
   "cell_type": "code",
   "execution_count": 65,
   "id": "1d17eb9e",
   "metadata": {},
   "outputs": [],
   "source": [
    "import numpy as np\n",
    "from sklearn import datasets\n",
    "from sklearn.neural_network import MLPClassifier\n",
    "from sklearn.metrics import accuracy_score\n",
    "from sklearn.preprocessing import StandardScaler"
   ]
  },
  {
   "cell_type": "code",
   "execution_count": 66,
   "id": "ea633f6a",
   "metadata": {},
   "outputs": [],
   "source": [
    "# para os pesos serem selecionados aleatoriamente para garantir a reprodutibilidade dos experimentos definimos um valor aleatorio para as  seed\n",
    "np.random.seed(5) # semente de aleatoriedade "
   ]
  },
  {
   "cell_type": "code",
   "execution_count": 67,
   "id": "b0ba76a6",
   "metadata": {},
   "outputs": [],
   "source": [
    "# carregando o dataset iris\n",
    "iris = datasets.load_iris()"
   ]
  },
  {
   "cell_type": "code",
   "execution_count": 68,
   "id": "8765e074",
   "metadata": {},
   "outputs": [],
   "source": [
    "# pegando os dados e rótulos\n",
    "X = iris.data\n",
    "y = iris.target"
   ]
  },
  {
   "cell_type": "code",
   "execution_count": 69,
   "id": "3c6a45ca",
   "metadata": {},
   "outputs": [],
   "source": [
    "# colocando os dados na mesma escala(normalizando)para melhorar a acurácia de teste\n",
    "# definindo o objeto\n",
    "scaler = StandardScaler()\n",
    "scaler.fit(X)\n",
    "X = scaler.transform(X)"
   ]
  },
  {
   "cell_type": "code",
   "execution_count": 70,
   "id": "ae1c4039",
   "metadata": {},
   "outputs": [],
   "source": [
    "# aleatorizando os dados do mesmo modo tanto em 'x' quanto em 'y', antes de dividir o dataset em treinaemnto e teste\n",
    "# para isso deve-se criar um array de números (que serão os índices) e aleatorizar para usar tanto nos dados de treino como de teste\n",
    "\n",
    "sufInd = np.arange(150) # gerando uma sequência de 150 números aleatórios de 0 a 149.\n",
    "np.random.shuffle(sufInd) # mistura aleatoriamente e susbtitui na mesma variável(inplace)."
   ]
  },
  {
   "cell_type": "code",
   "execution_count": 71,
   "id": "4e26b071",
   "metadata": {},
   "outputs": [],
   "source": [
    "# separando os dados em treino e teste\n",
    "# o dataset iris tem 150 amostras assim a divisão ficou em: \n",
    "X_train = X[sufInd[:100],:] # as primeiras 100 amostras são para treinar, pegando todas as colunas\n",
    "X_test = X[sufInd[100:],:] # as 50 amostras são para testar\n",
    "y_train = y[sufInd[:100]]\n",
    "y_test = y[sufInd[100:]] # pegando todos os índices do início ao fim"
   ]
  },
  {
   "cell_type": "code",
   "execution_count": 83,
   "id": "0388ee01",
   "metadata": {},
   "outputs": [
    {
     "data": {
      "text/plain": [
       "array([[3.38724427e-03, 9.51036357e-01, 4.55763991e-02],\n",
       "       [5.44036582e-03, 9.77617828e-01, 1.69418067e-02],\n",
       "       [9.87985173e-01, 1.20146745e-02, 1.52074910e-07],\n",
       "       [4.58375109e-03, 9.75992920e-01, 1.94233288e-02],\n",
       "       [8.14635233e-04, 3.19624444e-01, 6.79560920e-01],\n",
       "       [1.03467865e-02, 9.87157139e-01, 2.49607445e-03],\n",
       "       [9.89072800e-01, 1.09270682e-02, 1.31690326e-07],\n",
       "       [1.96910550e-03, 9.88754675e-01, 9.27621918e-03],\n",
       "       [1.53755175e-04, 7.59299713e-02, 9.23916274e-01],\n",
       "       [2.07152754e-05, 1.58689640e-02, 9.84110321e-01],\n",
       "       [1.46201033e-05, 9.72726902e-03, 9.90258111e-01],\n",
       "       [1.69669937e-05, 1.15101758e-02, 9.88472857e-01],\n",
       "       [9.89376702e-01, 1.06231722e-02, 1.26156622e-07],\n",
       "       [9.89501079e-01, 1.04987971e-02, 1.23748137e-07],\n",
       "       [3.12097908e-04, 1.80965512e-01, 8.18722390e-01],\n",
       "       [1.25615165e-05, 9.88374092e-03, 9.90103698e-01],\n",
       "       [9.87728918e-01, 1.22709248e-02, 1.56802239e-07],\n",
       "       [6.76341922e-04, 5.55788416e-01, 4.43535242e-01],\n",
       "       [9.88685018e-01, 1.13148434e-02, 1.38766812e-07],\n",
       "       [9.88438215e-01, 1.15616417e-02, 1.43818546e-07],\n",
       "       [1.58607721e-05, 1.10835116e-02, 9.88900628e-01],\n",
       "       [9.77086810e-03, 9.82289977e-01, 7.93915510e-03],\n",
       "       [1.31388703e-05, 1.00987446e-02, 9.89888117e-01],\n",
       "       [9.89209718e-01, 1.07901533e-02, 1.29123418e-07],\n",
       "       [2.28670922e-04, 1.03646030e-01, 8.96125299e-01],\n",
       "       [9.89418441e-01, 1.05814333e-02, 1.25245994e-07],\n",
       "       [3.56430873e-05, 2.34417477e-02, 9.76522609e-01],\n",
       "       [9.89271113e-01, 1.07287589e-02, 1.27980920e-07],\n",
       "       [3.32789399e-03, 9.85415819e-01, 1.12562868e-02],\n",
       "       [9.89455396e-01, 1.05444791e-02, 1.24681088e-07],\n",
       "       [5.31237157e-05, 3.24868829e-02, 9.67459993e-01],\n",
       "       [2.92774443e-04, 1.97131934e-01, 8.02575291e-01],\n",
       "       [8.32934412e-01, 1.67057443e-01, 8.14432063e-06],\n",
       "       [2.10024664e-04, 9.92102503e-02, 9.00579725e-01],\n",
       "       [5.23718536e-05, 2.88924381e-02, 9.71055190e-01],\n",
       "       [8.71726465e-05, 5.34294661e-02, 9.46483361e-01],\n",
       "       [3.71350452e-03, 9.75333663e-01, 2.09528325e-02],\n",
       "       [9.87600353e-01, 1.23994876e-02, 1.59623336e-07],\n",
       "       [6.84522147e-03, 9.87768730e-01, 5.38604851e-03],\n",
       "       [9.89353391e-01, 1.06464827e-02, 1.26648036e-07],\n",
       "       [9.89207813e-01, 1.07920580e-02, 1.29188254e-07],\n",
       "       [4.03082460e-03, 9.90153702e-01, 5.81547326e-03],\n",
       "       [2.34824915e-05, 1.62440919e-02, 9.83732426e-01],\n",
       "       [9.89056018e-01, 1.09438503e-02, 1.31987010e-07],\n",
       "       [2.96063212e-05, 2.00549033e-02, 9.79915490e-01],\n",
       "       [9.86351083e-01, 1.36487332e-02, 1.84069819e-07],\n",
       "       [3.67343037e-03, 9.81705744e-01, 1.46208256e-02],\n",
       "       [1.63829188e-05, 1.08520445e-02, 9.89131573e-01],\n",
       "       [1.01641794e-05, 8.15347645e-03, 9.91836359e-01],\n",
       "       [7.07981548e-03, 9.86722347e-01, 6.19783731e-03]])"
      ]
     },
     "execution_count": 83,
     "metadata": {},
     "output_type": "execute_result"
    }
   ],
   "source": [
    "# criando um objeto da classe MLPClassifier 'clf = MLPClassifier'\n",
    "# hidden_layer_sizes é uma tupla de números em que cada elemento diz a quantidade de neurônios você quer na camada oculta se passar o número por parâmetro quer dizer a qtd de neurônios\n",
    "# learnig_rate_init é a taxa de aprendizagem da rede neural. Fator now que multiplica no ajsute dos pesos\n",
    "# max_iter é a quantidade de épocas, a quantidade de vezes que no algoritmo a propagação para frente e para trás (Feedforward propagation)\n",
    "# 'sgd' gradiente decrescente estocástico é o tipo de algoritmo\n",
    "\n",
    "clf = MLPClassifier(solver='sgd', hidden_layer_sizes=(3,), learning_rate_init=0.1, activation='logistic', max_iter=1500, random_state=1)\n",
    "clf.fit(X_train, y_train) #fit dos pesos com os dados que tenho de treinamento\n",
    "y_pred = clf.predict_proba(X_test) #retorna as probabilidade de cada elemento ser de uma determinada classe\n",
    "y_aux = np.argmax(y_pred, 1) # procura em todas as linhas qual a coluna que possui a maior probabilidade e retorna no array y_aux\n",
    "y_pred # sai com 3 probabilidades dos dados serem da classe 0,1 e 2"
   ]
  },
  {
   "cell_type": "code",
   "execution_count": 84,
   "id": "9d5b231b",
   "metadata": {},
   "outputs": [
    {
     "data": {
      "text/plain": [
       "0.98"
      ]
     },
     "execution_count": 84,
     "metadata": {},
     "output_type": "execute_result"
    }
   ],
   "source": [
    "# avaliando os dados através da métrica de acurácia \n",
    "# o resultado 0.28 é muito ruim, é necessário fazer ajustes nos parâmetros e normalizar\n",
    "accuracy_score(y_test, y_aux)"
   ]
  },
  {
   "cell_type": "code",
   "execution_count": 85,
   "id": "19d4b18a",
   "metadata": {},
   "outputs": [
    {
     "data": {
      "text/plain": [
       "array([[-5.25060772e-02, -8.22569778e-01,  8.07091462e-02,\n",
       "         8.77547895e-04],\n",
       "       [ 3.10997534e-01, -1.05276654e+00,  1.04694540e+00,\n",
       "         2.64141916e-01],\n",
       "       [-5.25060772e-02, -5.92373012e-01,  7.62758269e-01,\n",
       "         1.58046376e+00],\n",
       "       [-1.74885626e+00,  3.28414053e-01, -1.39706395e+00,\n",
       "        -1.31544430e+00],\n",
       "       [ 1.64384411e+00,  1.24920112e+00,  1.33113254e+00,\n",
       "         1.71209594e+00],\n",
       "       [-1.14301691e+00, -1.51316008e+00, -2.60315415e-01,\n",
       "        -2.62386821e-01],\n",
       "       [-1.14301691e+00, -1.31979479e-01, -1.34022653e+00,\n",
       "        -1.31544430e+00],\n",
       "       [ 6.86617933e-02,  3.28414053e-01,  5.92245988e-01,\n",
       "         7.90670654e-01],\n",
       "       [-1.02184904e+00, -1.31979479e-01, -1.22655167e+00,\n",
       "        -1.31544430e+00],\n",
       "       [-5.37177559e-01, -1.31979479e-01,  4.21733708e-01,\n",
       "         3.95774101e-01],\n",
       "       [-2.94841818e-01, -1.31979479e-01,  4.21733708e-01,\n",
       "         3.95774101e-01],\n",
       "       [ 5.53333275e-01, -5.92373012e-01,  7.62758269e-01,\n",
       "         3.95774101e-01],\n",
       "       [ 1.52267624e+00, -1.31979479e-01,  1.21745768e+00,\n",
       "         1.18556721e+00],\n",
       "       [ 1.76501198e+00, -3.62176246e-01,  1.44480739e+00,\n",
       "         7.90670654e-01],\n",
       "       [-1.02184904e+00,  7.88807586e-01, -1.22655167e+00,\n",
       "        -1.05217993e+00],\n",
       "       [-9.00681170e-01,  5.58610819e-01, -1.16971425e+00,\n",
       "        -9.20547742e-01],\n",
       "       [ 5.53333275e-01, -8.22569778e-01,  6.49083415e-01,\n",
       "         7.90670654e-01],\n",
       "       [ 1.88617985e+00, -5.92373012e-01,  1.33113254e+00,\n",
       "         9.22302838e-01],\n",
       "       [-9.00681170e-01,  1.47939788e+00, -1.28338910e+00,\n",
       "        -1.05217993e+00],\n",
       "       [-1.26418478e+00, -1.31979479e-01, -1.34022653e+00,\n",
       "        -1.44707648e+00],\n",
       "       [ 3.10997534e-01, -5.92373012e-01,  1.37546573e-01,\n",
       "         1.32509732e-01],\n",
       "       [ 6.74501145e-01, -5.92373012e-01,  1.04694540e+00,\n",
       "         1.18556721e+00],\n",
       "       [-6.58345429e-01,  1.47939788e+00, -1.28338910e+00,\n",
       "        -1.31544430e+00],\n",
       "       [ 5.53333275e-01, -1.28296331e+00,  6.49083415e-01,\n",
       "         3.95774101e-01],\n",
       "       [-2.94841818e-01, -1.31979479e-01,  1.94384000e-01,\n",
       "         1.32509732e-01],\n",
       "       [ 4.32165405e-01,  7.88807586e-01,  9.33270550e-01,\n",
       "         1.44883158e+00],\n",
       "       [ 6.74501145e-01, -3.62176246e-01,  3.08058854e-01,\n",
       "         1.32509732e-01],\n",
       "       [-1.73673948e-01, -3.62176246e-01,  2.51221427e-01,\n",
       "         1.32509732e-01],\n",
       "       [ 3.10997534e-01, -3.62176246e-01,  5.35408562e-01,\n",
       "         2.64141916e-01],\n",
       "       [ 6.74501145e-01, -5.92373012e-01,  1.04694540e+00,\n",
       "         1.31719939e+00],\n",
       "       [-9.00681170e-01,  7.88807586e-01, -1.28338910e+00,\n",
       "        -1.31544430e+00],\n",
       "       [-4.16009689e-01, -1.74335684e+00,  1.37546573e-01,\n",
       "         1.32509732e-01],\n",
       "       [-1.73673948e-01, -1.05276654e+00, -1.46640561e-01,\n",
       "        -2.62386821e-01],\n",
       "       [-5.37177559e-01,  1.47939788e+00, -1.28338910e+00,\n",
       "        -1.31544430e+00],\n",
       "       [ 1.40150837e+00,  3.28414053e-01,  5.35408562e-01,\n",
       "         2.64141916e-01],\n",
       "       [-1.02184904e+00,  5.58610819e-01, -1.34022653e+00,\n",
       "        -1.31544430e+00],\n",
       "       [-1.02184904e+00,  1.01900435e+00, -1.22655167e+00,\n",
       "        -7.88915558e-01],\n",
       "       [ 2.24968346e+00, -1.31979479e-01,  1.33113254e+00,\n",
       "         1.44883158e+00],\n",
       "       [-1.02184904e+00,  1.01900435e+00, -1.39706395e+00,\n",
       "        -1.18381211e+00],\n",
       "       [ 6.74501145e-01,  3.28414053e-01,  8.76433123e-01,\n",
       "         1.44883158e+00],\n",
       "       [-5.25060772e-02, -8.22569778e-01,  7.62758269e-01,\n",
       "         9.22302838e-01],\n",
       "       [-2.94841818e-01, -1.28296331e+00,  8.07091462e-02,\n",
       "        -1.30754636e-01],\n",
       "       [-9.00681170e-01,  1.01900435e+00, -1.34022653e+00,\n",
       "        -1.18381211e+00],\n",
       "       [-9.00681170e-01,  1.70959465e+00, -1.22655167e+00,\n",
       "        -1.31544430e+00],\n",
       "       [ 7.95669016e-01, -5.92373012e-01,  4.78571135e-01,\n",
       "         3.95774101e-01],\n",
       "       [ 4.32165405e-01, -5.92373012e-01,  5.92245988e-01,\n",
       "         7.90670654e-01],\n",
       "       [ 6.86617933e-02, -1.31979479e-01,  2.51221427e-01,\n",
       "         3.95774101e-01],\n",
       "       [ 1.03800476e+00,  5.58610819e-01,  1.10378283e+00,\n",
       "         1.18556721e+00],\n",
       "       [ 2.24968346e+00,  1.70959465e+00,  1.67215710e+00,\n",
       "         1.31719939e+00],\n",
       "       [-5.37177559e-01,  7.88807586e-01, -1.16971425e+00,\n",
       "        -1.31544430e+00],\n",
       "       [ 5.53333275e-01, -1.28296331e+00,  7.05920842e-01,\n",
       "         9.22302838e-01],\n",
       "       [-1.02184904e+00,  3.28414053e-01, -1.45390138e+00,\n",
       "        -1.31544430e+00],\n",
       "       [-1.50652052e+00,  7.88807586e-01, -1.34022653e+00,\n",
       "        -1.18381211e+00],\n",
       "       [-1.73673948e-01,  3.09077525e+00, -1.28338910e+00,\n",
       "        -1.05217993e+00],\n",
       "       [-7.79513300e-01,  7.88807586e-01, -1.34022653e+00,\n",
       "        -1.31544430e+00],\n",
       "       [ 4.32165405e-01, -3.62176246e-01,  3.08058854e-01,\n",
       "         1.32509732e-01],\n",
       "       [ 5.53333275e-01,  5.58610819e-01,  5.35408562e-01,\n",
       "         5.27406285e-01],\n",
       "       [-4.16009689e-01, -1.51316008e+00, -3.29657076e-02,\n",
       "        -2.62386821e-01],\n",
       "       [-9.00681170e-01, -1.28296331e+00, -4.30827696e-01,\n",
       "        -1.30754636e-01],\n",
       "       [ 6.86617933e-02, -1.31979479e-01,  7.62758269e-01,\n",
       "         7.90670654e-01],\n",
       "       [-1.02184904e+00, -2.43394714e+00, -1.46640561e-01,\n",
       "        -2.62386821e-01],\n",
       "       [ 7.95669016e-01, -1.31979479e-01,  8.19595696e-01,\n",
       "         1.05393502e+00],\n",
       "       [ 7.95669016e-01, -1.31979479e-01,  1.16062026e+00,\n",
       "         1.31719939e+00],\n",
       "       [ 1.28034050e+00,  9.82172869e-02,  6.49083415e-01,\n",
       "         3.95774101e-01],\n",
       "       [-1.50652052e+00,  1.24920112e+00, -1.56757623e+00,\n",
       "        -1.31544430e+00],\n",
       "       [ 9.16836886e-01, -1.31979479e-01,  3.64896281e-01,\n",
       "         2.64141916e-01],\n",
       "       [-1.14301691e+00,  1.24920112e+00, -1.34022653e+00,\n",
       "        -1.44707648e+00],\n",
       "       [ 1.03800476e+00, -1.31979479e-01,  7.05920842e-01,\n",
       "         6.59038469e-01],\n",
       "       [ 1.03800476e+00, -1.31979479e-01,  8.19595696e-01,\n",
       "         1.44883158e+00],\n",
       "       [-2.94841818e-01, -3.62176246e-01, -8.98031345e-02,\n",
       "         1.32509732e-01],\n",
       "       [ 5.53333275e-01,  7.88807586e-01,  1.04694540e+00,\n",
       "         1.58046376e+00],\n",
       "       [-2.94841818e-01, -8.22569778e-01,  2.51221427e-01,\n",
       "         1.32509732e-01],\n",
       "       [ 3.10997534e-01, -1.31979479e-01,  6.49083415e-01,\n",
       "         7.90670654e-01],\n",
       "       [ 5.53333275e-01, -1.74335684e+00,  3.64896281e-01,\n",
       "         1.32509732e-01],\n",
       "       [-5.25060772e-02, -1.05276654e+00,  1.37546573e-01,\n",
       "         8.77547895e-04],\n",
       "       [-1.73673948e-01, -1.31979479e-01,  2.51221427e-01,\n",
       "         8.77547895e-04],\n",
       "       [ 1.28034050e+00,  9.82172869e-02,  9.33270550e-01,\n",
       "         1.18556721e+00],\n",
       "       [ 1.15917263e+00, -5.92373012e-01,  5.92245988e-01,\n",
       "         2.64141916e-01],\n",
       "       [-7.79513300e-01,  2.40018495e+00, -1.28338910e+00,\n",
       "        -1.44707648e+00],\n",
       "       [-5.25060772e-02, -8.22569778e-01,  7.62758269e-01,\n",
       "         9.22302838e-01],\n",
       "       [-1.87002413e+00, -1.31979479e-01, -1.51073881e+00,\n",
       "        -1.44707648e+00],\n",
       "       [-1.26418478e+00,  7.88807586e-01, -1.05603939e+00,\n",
       "        -1.31544430e+00],\n",
       "       [-7.79513300e-01, -8.22569778e-01,  8.07091462e-02,\n",
       "         2.64141916e-01],\n",
       "       [-1.26418478e+00, -1.31979479e-01, -1.34022653e+00,\n",
       "        -1.18381211e+00],\n",
       "       [-1.14301691e+00,  9.82172869e-02, -1.28338910e+00,\n",
       "        -1.31544430e+00],\n",
       "       [ 2.49201920e+00,  1.70959465e+00,  1.50164482e+00,\n",
       "         1.05393502e+00],\n",
       "       [-1.02184904e+00, -1.74335684e+00, -2.60315415e-01,\n",
       "        -2.62386821e-01],\n",
       "       [-1.50652052e+00,  3.28414053e-01, -1.34022653e+00,\n",
       "        -1.31544430e+00],\n",
       "       [ 7.95669016e-01, -1.31979479e-01,  9.90107977e-01,\n",
       "         7.90670654e-01],\n",
       "       [-1.14301691e+00,  9.82172869e-02, -1.28338910e+00,\n",
       "        -1.44707648e+00],\n",
       "       [ 1.89829664e-01, -1.97355361e+00,  7.05920842e-01,\n",
       "         3.95774101e-01],\n",
       "       [-4.16009689e-01, -1.05276654e+00,  3.64896281e-01,\n",
       "         8.77547895e-04],\n",
       "       [-5.25060772e-02,  2.16998818e+00, -1.45390138e+00,\n",
       "        -1.31544430e+00],\n",
       "       [-5.37177559e-01,  1.93979142e+00, -1.39706395e+00,\n",
       "        -1.05217993e+00],\n",
       "       [ 6.74501145e-01, -8.22569778e-01,  8.76433123e-01,\n",
       "         9.22302838e-01],\n",
       "       [ 1.89829664e-01,  7.88807586e-01,  4.21733708e-01,\n",
       "         5.27406285e-01],\n",
       "       [-4.16009689e-01, -1.28296331e+00,  1.37546573e-01,\n",
       "         1.32509732e-01],\n",
       "       [-4.16009689e-01,  2.63038172e+00, -1.34022653e+00,\n",
       "        -1.31544430e+00],\n",
       "       [-1.38535265e+00,  3.28414053e-01, -1.22655167e+00,\n",
       "        -1.31544430e+00],\n",
       "       [ 1.28034050e+00,  3.28414053e-01,  1.10378283e+00,\n",
       "         1.44883158e+00]])"
      ]
     },
     "execution_count": 85,
     "metadata": {},
     "output_type": "execute_result"
    }
   ],
   "source": [
    "X_train"
   ]
  },
  {
   "cell_type": "code",
   "execution_count": 86,
   "id": "8e96b06f",
   "metadata": {},
   "outputs": [
    {
     "name": "stdout",
     "output_type": "stream",
     "text": [
      "[1 1 0 1 2 1 0 1 2 2] [1 1 0 1 2 1 0 1 2 2]\n"
     ]
    }
   ],
   "source": [
    "print(y_test[:10], y_aux[:10]) # imprimindo as 10 primeiras amostras apra ver se tem erros e o que ele acertou"
   ]
  },
  {
   "cell_type": "code",
   "execution_count": null,
   "id": "4038ae6e",
   "metadata": {},
   "outputs": [],
   "source": []
  },
  {
   "cell_type": "markdown",
   "id": "6ec885f8",
   "metadata": {},
   "source": [
    "Bibliografia : https://www.youtube.com/watch?v=UaqzXSAaqkw"
   ]
  }
 ],
 "metadata": {
  "kernelspec": {
   "display_name": "Python 3",
   "language": "python",
   "name": "python3"
  },
  "language_info": {
   "codemirror_mode": {
    "name": "ipython",
    "version": 3
   },
   "file_extension": ".py",
   "mimetype": "text/x-python",
   "name": "python",
   "nbconvert_exporter": "python",
   "pygments_lexer": "ipython3",
   "version": "3.8.8"
  }
 },
 "nbformat": 4,
 "nbformat_minor": 5
}
